place5,Place,census_2020_count,july1_2023_pop_est,jan1_2024_pop_est,num_chg_20_23,num_chg_20_24,pct_chg_20_23,pct_chg_20_24
00100,Abbott,352,352,352,0,0,0.0,0.0
00160,Abernathy,2865,2814,2809,-51,-56,-1.8,-2.0
01000,Abilene,125182,129768,131676,4586,6494,3.7,5.2
01108,Ackerly,264,263,268,-1,4,-0.4,1.5
01240,Addison,16661,16886,16925,225,264,1.4,1.6
01324,Adrian,128,128,128,0,0,0.0,0.0
01396,Agua Dulce,685,666,661,-19,-24,-2.8,-3.5
01576,Alamo,19493,20609,20766,1116,1273,5.7,6.5
01600,Alamo Heights,7357,7497,7500,140,143,1.9,1.9
01636,Alba,473,476,472,3,-1,0.6,-0.2
01648,Albany,1854,1965,1998,111,144,6.0,7.8
01744,Aledo,4858,5657,5761,799,903,16.4,18.6
01852,Alice,17891,18467,18462,576,571,3.2,3.2
01924,Allen,104627,110218,110859,5591,6232,5.3,6.0
02044,Alma,373,421,433,48,60,12.9,16.1
02104,Alpine,6035,6109,6190,74,155,1.2,2.6
02188,Alto,1027,1032,1032,5,5,0.5,0.5
02212,Alton,18198,20709,21340,2511,3142,13.8,17.3
02260,Alvarado,4739,6133,6299,1394,1560,29.4,32.9
02272,Alvin,27098,28631,28843,1533,1745,5.7,6.4
02284,Alvord,1351,1503,1533,152,182,11.3,13.5
03000,Amarillo,200393,201950,202551,1557,2158,0.8,1.1
03072,Ames,937,954,954,17,17,1.8,1.8
03084,Amherst,678,655,653,-23,-25,-3.4,-3.7
03144,Anahuac,1980,1981,1991,1,11,0.1,0.6
03192,Anderson,193,208,210,15,17,7.8,8.8
03216,Andrews,13487,13215,13155,-272,-332,-2.0,-2.5
03264,Angleton,19429,20121,20311,692,882,3.6,4.5
03288,Angus,444,468,471,24,27,5.4,6.1
03300,Anna,16896,27103,28714,10207,11818,60.4,69.9
03336,Annetta,3041,3077,3085,36,44,1.2,1.4
03340,Annetta North,554,567,572,13,18,2.3,3.2
03342,Annetta South,621,647,652,26,31,4.2,5.0
03360,Annona,184,186,188,2,4,1.1,2.2
03372,Anson,2294,2281,2284,-13,-10,-0.6,-0.4
03432,Anthony,3671,3700,3703,29,32,0.8,0.9
03540,Anton,907,901,905,-6,-2,-0.7,-0.2
03564,Appleby,552,552,552,0,0,0.0,0.0
03588,Aquilla,101,101,101,0,0,0.0,0.0
03600,Aransas Pass,7941,8175,8196,234,255,2.9,3.2
03696,Archer City,1601,1591,1593,-10,-8,-0.6,-0.5
03708,Arcola,2034,2594,2800,560,766,27.5,37.7
03768,Argyle,4403,5812,6007,1409,1604,32.0,36.4
04000,Arlington,394266,409940,414344,15674,20078,4.0,5.1
04156,Arp,892,971,979,79,87,8.9,9.8
04300,Asherton,722,683,675,-39,-47,-5.4,-6.5
04408,Aspermont,789,797,815,8,26,1.0,3.3
04504,Athens,12857,13352,13555,495,698,3.9,5.4
04516,Atlanta,5433,5438,5435,5,2,0.1,0.0
04600,Aubrey,5006,8366,8650,3360,3644,67.1,72.8
04672,Aurora,1390,1534,1569,144,179,10.4,12.9
05000,Austin,961855,984290,986928,22435,25073,2.3,2.6
05036,Austwell,118,116,115,-2,-3,-1.7,-2.5
05072,Avery,421,445,452,24,31,5.7,7.4
05084,Avinger,371,370,372,-1,1,-0.3,0.3
05168,Azle,13369,15148,15573,1779,2204,13.3,16.5
05264,Bailey,220,226,225,6,5,2.7,2.3
05288,Bailey's Prairie,775,773,771,-2,-4,-0.3,-0.5
05336,Baird,1479,1489,1481,10,2,0.7,0.1
05372,Balch Springs,27685,27240,27266,-445,-419,-1.6,-1.5
05384,Balcones Heights,2746,2753,2761,7,15,0.3,0.5
05456,Ballinger,3619,3550,3529,-69,-90,-1.9,-2.5
05468,Balmorhea,408,405,419,-3,11,-0.7,2.7
05528,Bandera,829,847,850,18,21,2.2,2.5
05552,Bangs,1540,1567,1583,27,43,1.8,2.8
05612,Bardwell,625,650,652,25,27,4.0,4.3
05708,Barry,220,223,222,3,2,1.4,0.9
05720,Barstow,265,260,259,-5,-6,-1.9,-2.3
05732,Bartlett,1633,1631,1642,-2,9,-0.1,0.6
05768,Bartonville,1725,1791,1797,66,72,3.8,4.2
05864,Bastrop,9688,11605,11892,1917,2204,19.8,22.7
05984,Bay City,18061,17513,17560,-548,-501,-3.0,-2.8
06060,Bayou Vista,1763,1756,1754,-7,-9,-0.4,-0.5
06104,Bayside,275,278,279,3,4,1.1,1.5
06128,Baytown,83701,82676,82378,-1025,-1323,-1.2,-1.6
06140,Bayview,475,550,564,75,89,15.8,18.7
06200,Beach City,3221,3379,3433,158,212,4.9,6.6
06242,Bear Creek,397,407,408,10,11,2.5,2.8
06272,Beasley,608,771,822,163,214,26.8,35.2
07000,Beaumont,115282,113656,113598,-1626,-1684,-1.4,-1.5
07108,Beckville,722,731,728,9,6,1.2,0.8
07132,Bedford,49928,49137,49212,-791,-716,-1.6,-1.4
07144,Bedias,361,386,392,25,31,6.9,8.6
07156,Bee Cave,9144,8677,8595,-467,-549,-5.1,-6.0
07192,Beeville,13669,12957,12908,-712,-761,-5.2,-5.6
07300,Bellaire,17202,16868,16798,-334,-404,-1.9,-2.3
07396,Bellevue,289,307,311,18,22,6.2,7.6
07408,Bellmead,10494,10614,10637,120,143,1.1,1.4
07420,Bells,1521,1548,1554,27,33,1.8,2.2
07432,Bellville,4206,4260,4261,54,55,1.3,1.3
07492,Belton,23054,25063,25301,2009,2247,8.7,9.7
07528,Benavides,1183,1148,1140,-35,-43,-3.0,-3.6
07552,Benbrook,24520,24515,24583,-5,63,-0.0,0.3
07636,Benjamin,196,194,196,-2,0,-1.0,0.0
07852,Berryville,824,901,910,77,86,9.3,10.4
07864,Bertram,1616,2056,2083,440,467,27.2,28.9
08104,Beverly Hills,1878,1872,1873,-6,-5,-0.3,-0.3
08128,Bevil Oaks,1089,1061,1059,-28,-30,-2.6,-2.8
08212,Big Lake,2965,2807,2813,-158,-152,-5.3,-5.1
08224,Big Sandy,1231,1296,1298,65,67,5.3,5.4
08236,Big Spring,26144,25417,25598,-727,-546,-2.8,-2.1
08260,Big Wells,483,453,449,-30,-34,-6.2,-7.0
08392,Bishop,3174,3103,3101,-71,-73,-2.2,-2.3
08398,Bishop Hills,211,203,202,-8,-9,-3.8,-4.3
08488,Blackwell,258,254,254,-4,-4,-1.6,-1.6
08536,Blanco,1682,1860,1888,178,206,10.6,12.2
08596,Blanket,369,374,376,5,7,1.4,1.9
08752,Bloomburg,321,339,341,18,20,5.6,6.2
08788,Blooming Grove,857,875,882,18,25,2.1,2.9
08812,Blossom,1402,1458,1475,56,73,4.0,5.2
08860,Blue Mound,2393,2347,2349,-46,-44,-1.9,-1.8
08872,Blue Ridge,1180,1197,1197,17,17,1.4,1.4
09004,Blum,383,396,396,13,13,3.4,3.4
09160,Boerne,17850,21922,22870,4072,5020,22.8,28.1
09172,Bogata,1074,1101,1104,27,30,2.5,2.8
09328,Bonham,10408,10613,10657,205,249,2.0,2.4
09388,Bonney,180,183,182,3,2,1.7,1.1
09448,Booker,1437,1402,1397,-35,-40,-2.4,-2.8
09556,Borger,12551,12085,12042,-466,-509,-3.7,-4.1
09628,Bovina,1699,1651,1641,-48,-58,-2.8,-3.4
09640,Bowie,5448,5912,6000,464,552,8.5,10.1
09748,Boyd,1416,1752,1854,336,438,23.7,30.9
09868,Brackettville,1341,1347,1358,6,17,0.4,1.3
09916,Brady,5118,4949,4917,-169,-201,-3.3,-3.9
10072,Brazoria,2866,2878,2913,12,47,0.4,1.6
10090,Brazos Country,514,514,514,0,0,0.0,0.0
10132,Breckenridge,5187,5068,5045,-119,-142,-2.3,-2.7
10144,Bremond,858,850,851,-8,-7,-0.9,-0.8
10156,Brenham,17369,19525,20138,2156,2769,12.4,15.9
10197,Briarcliff,2062,2130,2136,68,74,3.3,3.6
10216,Briaroaks,507,511,512,4,5,0.8,1.0
10252,Bridge City,9546,9642,9692,96,146,1.0,1.5
10264,Bridgeport,5923,6444,6566,521,643,8.8,10.9
10384,Broaddus,184,194,197,10,13,5.4,7.1
00001,Brock,,967,967,967,967,,
10528,Bronte,933,958,963,25,30,2.7,3.2
10636,Brookshire,5066,5401,5454,335,388,6.6,7.7
10648,Brookside Village,1548,1563,1559,15,11,1.0,0.7
10708,Browndell,160,153,153,-7,-7,-4.4,-4.4
10720,Brownfield,8936,8562,8425,-374,-511,-4.2,-5.7
10756,Brownsboro,1212,1336,1357,124,145,10.2,12.0
10768,Brownsville,186738,191359,192451,4621,5713,2.5,3.1
10780,Brownwood,18862,18600,18593,-262,-269,-1.4,-1.4
10828,Bruceville-Eddy,1413,1436,1426,23,13,1.6,0.9
10912,Bryan,83980,89493,90333,5513,6353,6.6,7.6
10960,Bryson,430,441,433,11,3,2.6,0.7
11020,Buckholts,365,389,392,24,27,6.6,7.4
11080,Buda,15108,15999,15601,891,493,5.9,3.3
11116,Buffalo,1767,1844,1852,77,85,4.4,4.8
11128,Buffalo Gap,543,604,616,61,73,11.2,13.4
11155,Buffalo Springs,468,445,442,-23,-26,-4.9,-5.6
11212,Bullard,3318,3935,4005,617,687,18.6,20.7
11224,Bulverde,5692,6796,6945,1104,1253,19.4,22.0
11300,Bunker Hill Village,3822,3761,3762,-61,-60,-1.6,-1.6
11368,Burkburnett,10939,11084,11109,145,170,1.3,1.6
11380,Burke,691,692,692,1,1,0.1,0.1
11428,Burleson,47641,53278,53789,5637,6148,11.8,12.9
11464,Burnet,6436,7024,7167,588,731,9.1,11.4
11536,Burton,297,284,285,-13,-12,-4.4,-4.0
11644,Byers,454,472,480,18,26,4.0,5.7
11656,Bynum,171,179,183,8,12,4.7,7.0
11692,Cactus,3057,3105,3110,48,53,1.6,1.7
11716,Caddo Mills,1495,4568,5024,3073,3529,205.6,236.1
11836,Caldwell,3993,4453,4527,460,534,11.5,13.4
11968,Callisburg,321,347,355,26,34,8.1,10.6
11992,Calvert,962,967,969,5,7,0.5,0.7
12040,Cameron,5306,5656,5706,350,400,6.6,7.5
12388,Camp Wood,517,535,531,18,14,3.5,2.7
12112,Campbell,542,583,586,41,44,7.6,8.1
12412,Canadian,2339,2310,2319,-29,-20,-1.2,-0.9
12472,Caney City,187,197,201,10,14,5.3,7.5
12496,Canton,4229,4427,4461,198,232,4.7,5.5
12532,Canyon,14836,15865,15986,1029,1150,6.9,7.8
12736,Carbon,281,289,291,8,10,2.8,3.6
12895,Carl's Corner,201,253,262,52,61,25.9,30.3
12916,Carmine,244,244,244,0,0,0.0,0.0
12988,Carrizo Springs,4892,4650,4600,-242,-292,-4.9,-6.0
13024,Carrollton,133434,133246,132918,-188,-516,-0.1,-0.4
13108,Carthage,6569,6541,6544,-28,-25,-0.4,-0.4
13198,Cashion Community,286,291,293,5,7,1.7,2.4
13276,Castle Hills,3978,3983,3992,5,14,0.1,0.4
13312,Castroville,2954,3091,3131,137,177,4.6,6.0
13492,Cedar Hill,49148,49036,49137,-112,-11,-0.2,-0.0
13552,Cedar Park,77595,78057,78199,462,604,0.6,0.8
13672,Celeste,809,872,894,63,85,7.8,10.5
13684,Celina,16739,38719,43119,21980,26380,131.3,157.6
13732,Center,5221,5247,5297,26,76,0.5,1.5
13900,Centerville,905,962,976,57,71,6.3,7.8
14224,Chandler,3275,3602,3685,327,410,10.0,12.5
14260,Channing,281,277,276,-4,-5,-1.4,-1.8
14404,Charlotte,1524,1589,1598,65,74,4.3,4.9
14584,Chester,270,270,270,0,0,0.0,0.0
14620,Chico,946,1060,1084,114,138,12.1,14.6
14668,Childress,5737,5772,5765,35,28,0.6,0.5
14680,Chillicothe,549,540,542,-9,-7,-1.6,-1.3
14704,China,1260,1272,1289,12,29,1.0,2.3
14716,China Grove,1141,1150,1154,9,13,0.8,1.1
14776,Chireno,370,383,386,13,16,3.5,4.3
14860,Christine,337,351,356,14,19,4.2,5.6
14920,Cibolo,32276,37224,38598,4948,6322,15.3,19.6
15004,Cisco,3883,3948,3953,65,70,1.7,1.8
15112,Clarendon,1877,1867,1830,-10,-47,-0.5,-2.5
15160,Clarksville,2857,2926,2983,69,126,2.4,4.4
15172,Clarksville City,780,793,794,13,14,1.7,1.8
15196,Claude,1186,1177,1165,-9,-21,-0.8,-1.8
15328,Clear Lake Shores,1258,1281,1298,23,40,1.8,3.2
15364,Cleburne,31352,35410,36523,4058,5171,12.9,16.5
15436,Cleveland,7471,9005,9289,1534,1818,20.5,24.3
15472,Clifton,3465,3468,3472,3,7,0.1,0.2
15544,Clint,923,940,939,17,16,1.8,1.7
15652,Clute,10604,10625,10606,21,2,0.2,0.0
15676,Clyde,3811,3958,3977,147,166,3.9,4.4
15700,Coahoma,945,946,958,1,13,0.1,1.4
15796,Cockrell Hill,3815,3737,3738,-78,-77,-2.0,-2.0
15820,Coffee City,249,254,254,5,5,2.0,2.0
15892,Coldspring,819,843,847,24,28,2.9,3.4
15916,Coleman,3912,3912,3936,0,24,0.0,0.6
15976,College Station,120511,125981,126437,5470,5926,4.5,4.9
15988,Colleyville,26057,25928,25985,-129,-72,-0.5,-0.3
16036,Collinsville,1866,2007,2033,141,167,7.6,8.9
16048,Colmesneil,542,548,548,6,6,1.1,1.1
16120,Colorado City,3991,3982,4006,-9,15,-0.2,0.4
16168,Columbus,3699,3756,3763,57,64,1.5,1.7
16192,Comanche,4211,4247,4255,36,44,0.9,1.0
16204,Combes,2999,3069,3083,70,84,2.3,2.8
16216,Combine,2245,2396,2412,151,167,6.7,7.4
16240,Commerce,9090,9083,9188,-7,98,-0.1,1.1
16252,Como,728,738,738,10,10,1.4,1.4
16432,Conroe,89956,106556,109130,16600,19174,18.5,21.3
16468,Converse,27466,30718,31235,3252,3769,11.8,13.7
16540,Cool,211,212,213,1,2,0.5,0.9
16552,Coolidge,778,787,786,9,8,1.2,1.0
16564,Cooper,1911,2040,2070,129,159,6.8,8.3
16612,Coppell,42983,43091,43084,108,101,0.3,0.2
16636,Copper Canyon,1731,2260,2349,529,618,30.6,35.7
16624,Copperas Cove,36670,39141,39636,2471,2966,6.7,8.1
16696,Corinth,22634,23897,24390,1263,1756,5.6,7.8
17000,Corpus Christi,317863,316801,317742,-1062,-121,-0.3,-0.0
17036,Corrigan,1477,1455,1435,-22,-42,-1.5,-2.8
17060,Corsicana,25109,25552,25513,443,404,1.8,1.6
17200,Cottonwood,181,193,194,12,13,6.6,7.2
17208,Cottonwood Shores,1403,1639,1686,236,283,16.8,20.2
17216,Cotulla,3718,3683,3679,-35,-39,-0.9,-1.0
17312,Coupland,289,295,297,6,8,2.1,2.8
17336,Cove,525,534,536,9,11,1.7,2.1
17372,Covington,261,291,292,30,31,11.5,11.9
17429,Coyote Flats,345,359,361,14,16,4.1,4.6
17504,Crandall,3860,4523,4702,663,842,17.2,21.8
17516,Crane,3478,3442,3429,-36,-49,-1.0,-1.4
17540,Cranfills Gap,277,277,277,0,0,0.0,0.0
17564,Crawford,887,924,929,37,42,4.2,4.7
17612,Creedmoor,458,450,447,-8,-11,-1.7,-2.4
17648,Cresson,1349,1462,1481,113,132,8.4,9.8
17744,Crockett,6332,6312,6308,-20,-24,-0.3,-0.4
17768,Crosbyton,1492,1405,1384,-87,-108,-5.8,-7.2
17816,Cross Plains,899,909,901,10,2,1.1,0.2
17852,Cross Roads,1744,2032,2021,288,277,16.5,15.9
17917,Cross Timber,362,381,385,19,23,5.2,6.4
17948,Crowell,769,763,773,-6,4,-0.8,0.5
17960,Crowley,18070,19829,20060,1759,1990,9.7,11.0
18020,Crystal City,6354,6249,6200,-105,-154,-1.7,-2.4
18092,Cuero,8128,8196,8288,68,160,0.8,2.0
18128,Cumby,679,703,706,24,27,3.5,4.0
18152,Cuney,116,116,116,0,0,0.0,0.0
18224,Cushing,557,575,576,18,19,3.2,3.4
18260,Cut and Shoot,1087,1123,1128,36,41,3.3,3.8
18464,Daingerfield,2522,2522,2505,0,-17,0.0,-0.7
18476,Daisetta,923,959,954,36,31,3.9,3.4
18524,Dalhart,8447,8484,8495,37,48,0.4,0.6
19000,Dallas,1304379,1306537,1308404,2158,4025,0.2,0.3
19084,Dalworthington Gardens,2293,2307,2316,14,23,0.6,1.0
19120,Danbury,1671,1667,1660,-4,-11,-0.2,-0.7
19288,Darrouzett,309,297,295,-12,-14,-3.9,-4.5
19420,Dawson,815,821,819,6,4,0.7,0.5
19432,Dayton,8777,9364,9476,587,699,6.7,8.0
19435,Dayton Lakes,45,45,45,0,0,0.0,0.0
19648,De Kalb,1527,1449,1451,-78,-76,-5.1,-5.0
19672,De Leon,2258,2281,2264,23,6,1.0,0.3
19570,DeCordova,3007,3007,3007,0,0,0.0,0.0
20092,DeSoto,56145,56738,56776,593,631,1.1,1.1
19456,Dean,488,508,512,20,24,4.1,4.9
19528,Decatur,6538,7642,7969,1104,1431,16.9,21.9
19624,Deer Park,34495,33743,33720,-752,-775,-2.2,-2.2
19792,Del Rio,34673,34414,34430,-259,-243,-0.7,-0.7
19708,Dell City,245,260,262,15,17,6.1,6.9
19900,Denison,24479,26597,26893,2118,2414,8.7,9.9
00002,Dennis,,953,953,953,953,,
19972,Denton,139869,159430,164282,19561,24413,14.0,17.5
19984,Denver City,4470,4376,4398,-94,-72,-2.1,-1.6
20020,Deport,550,550,550,0,0,0.0,0.0
20128,Detroit,704,713,724,9,20,1.3,2.8
20140,Devers,361,418,434,57,73,15.8,20.2
20152,Devine,4324,4429,4463,105,139,2.4,3.2
20308,Diboll,4457,4589,4555,132,98,3.0,2.2
20332,Dickens,219,211,210,-8,-9,-3.7,-4.1
20344,Dickinson,20847,21076,21124,229,277,1.1,1.3
20428,Dilley,3274,2843,2833,-431,-441,-13.2,-13.5
20464,Dimmitt,4171,4052,3990,-119,-181,-2.9,-4.3
20540,DISH,437,445,447,8,10,1.8,2.3
20680,Dodd City,369,384,386,15,17,4.1,4.6
20716,Dodson,93,90,90,-3,-3,-3.2,-3.2
20848,Domino,71,78,80,7,9,9.9,12.7
20884,Donna,16797,16863,16913,66,116,0.4,0.7
20932,Dorchester,69,69,69,0,0,0.0,0.0
21031,Double Horn,0,264,264,264,264,,
21028,Double Oak,3054,2998,2956,-56,-98,-1.8,-3.2
21112,Douglassville,211,211,212,0,1,0.0,0.5
21310,Draper,33,39,39,6,6,18.2,18.2
21424,Dripping Springs,4650,8109,8979,3459,4329,74.4,93.1
21436,Driscoll,680,669,672,-11,-8,-1.6,-1.2
21484,Dublin,3359,3414,3424,55,65,1.6,1.9
21556,Dumas,14501,14288,14318,-213,-183,-1.5,-1.3
21628,Duncanville,40706,39767,39771,-939,-935,-2.3,-2.3
21844,Eagle Lake,3442,3513,3554,71,112,2.1,3.3
21892,Eagle Pass,28130,28222,28183,92,53,0.3,0.2
21904,Early,3087,3189,3209,102,122,3.3,4.0
21928,Earth,901,885,885,-16,-16,-1.8,-1.8
21988,East Bernard,2218,2254,2248,36,30,1.6,1.4
22168,East Mountain,899,951,967,52,68,5.8,7.6
22276,East Tawakoni,824,908,924,84,100,10.2,12.1
22132,Eastland,3609,3788,3801,179,192,5.0,5.3
22192,Easton,499,517,515,18,16,3.6,3.2
22516,Ector,737,767,771,30,34,4.1,4.6
22528,Edcouch,2732,2686,2684,-46,-48,-1.7,-1.8
22552,Eden,1100,1114,1119,14,19,1.3,1.7
22588,Edgecliff Village,3788,3807,3822,19,34,0.5,0.9
22612,Edgewood,1530,1567,1566,37,36,2.4,2.4
22660,Edinburg,100243,106571,107768,6328,7525,6.3,7.5
22708,Edmonson,86,86,86,0,0,0.0,0.0
22720,Edna,5987,6022,6029,35,42,0.6,0.7
22744,Edom,339,339,339,0,0,0.0,0.0
22864,El Campo,12350,12223,12223,-127,-127,-1.0,-1.0
22905,El Cenizo,2540,2485,2480,-55,-60,-2.2,-2.4
23164,El Lago,3090,2988,2969,-102,-121,-3.3,-3.9
24000,El Paso,678815,674489,672802,-4326,-6013,-0.6,-0.9
22960,Eldorado,1574,1515,1523,-59,-51,-3.7,-3.2
22984,Electra,2292,2269,2258,-23,-34,-1.0,-1.5
23044,Elgin,9784,12264,12654,2480,2870,25.3,29.3
23140,Elkhart,1287,1281,1295,-6,8,-0.5,0.6
23176,Ellinger,285,285,285,0,0,0.0,0.0
23272,Elmendorf,1862,2513,2609,651,747,35.0,40.1
24036,Elsa,5668,5726,5753,58,85,1.0,1.5
24168,Emhouse,187,187,187,0,0,0.0,0.0
24216,Emory,1251,1323,1331,72,80,5.8,6.4
24228,Enchanted Oaks,347,355,359,8,12,2.3,3.5
24240,Encinal,540,546,547,6,7,1.1,1.3
24348,Ennis,20159,23780,24252,3621,4093,18.0,20.3
24552,Escobares,2588,2538,2530,-50,-58,-1.9,-2.2
24636,Estelline,121,123,124,2,3,1.7,2.5
24768,Euless,61032,60513,60587,-519,-445,-0.9,-0.7
24816,Eureka,313,327,328,14,15,4.5,4.8
24828,Eustace,1137,1149,1154,12,17,1.1,1.5
24864,Evant,455,467,469,12,14,2.6,3.1
24912,Everman,6154,6212,6299,58,145,0.9,2.4
25168,Fair Oaks Ranch,9833,11174,11366,1341,1533,13.6,15.6
25068,Fairchilds,864,893,898,29,34,3.4,3.9
25104,Fairfield,2850,2961,3007,111,157,3.9,5.5
25224,Fairview,10372,10750,10694,378,322,3.6,3.1
25368,Falfurrias,4609,4438,4392,-171,-217,-3.7,-4.7
25392,Falls City,514,528,536,14,22,2.7,4.3
25452,Farmers Branch,35991,38035,38126,2044,2135,5.7,5.9
25488,Farmersville,3612,4195,4311,583,699,16.1,19.4
25548,Farwell,1425,1411,1412,-14,-13,-1.0,-0.9
25572,Fate,17958,25785,27190,7827,9232,43.6,51.4
25644,Fayetteville,246,248,249,2,3,0.8,1.2
25752,Ferris,2788,3435,3630,647,842,23.2,30.2
26028,Flatonia,1308,1361,1374,53,66,4.1,5.0
26136,Florence,1171,1203,1206,32,35,2.7,3.0
26160,Floresville,7203,8118,8225,915,1022,12.7,14.2
26232,Flower Mound,75956,78828,79049,2872,3093,3.8,4.1
26268,Floydada,2675,2556,2555,-119,-120,-4.4,-4.5
26328,Follett,373,360,358,-13,-15,-3.5,-4.0
26544,Forest Hill,13955,14182,14306,227,351,1.6,2.5
26604,Forney,23455,30260,31059,6805,7604,29.0,32.4
26640,Forsan,225,225,231,0,6,0.0,2.7
26808,Fort Stockton,8466,8089,8040,-377,-426,-4.5,-5.0
27000,Fort Worth,918915,978863,989878,59948,70963,6.5,7.7
27288,Franklin,1614,1737,1740,123,126,7.6,7.8
27300,Frankston,1126,1095,1084,-31,-42,-2.8,-3.7
27348,Fredericksburg,10875,11186,11187,311,312,2.9,2.9
27420,Freeport,10696,10425,10365,-271,-331,-2.5,-3.1
27432,Freer,2461,2396,2385,-65,-76,-2.6,-3.1
27648,Friendswood,41213,40927,40901,-286,-312,-0.7,-0.8
27660,Friona,4171,4013,4002,-158,-169,-3.8,-4.1
27684,Frisco,200509,219450,220973,18941,20464,9.4,10.2
27696,Fritch,1859,1810,1808,-49,-51,-2.6,-2.7
27768,Frost,620,637,637,17,17,2.7,2.7
27804,Fruitvale,476,482,482,6,6,1.3,1.3
27876,Fulshear,16856,45526,50613,28670,33757,170.1,200.3
27888,Fulton,1523,1620,1660,97,137,6.4,9.0
27984,Gainesville,17394,17670,17705,276,311,1.6,1.8
27996,Galena Park,10740,10393,10335,-347,-405,-3.2,-3.8
28008,Gallatin,321,328,328,7,7,2.2,2.2
28068,Galveston,53695,53695,53681,0,-14,0.0,-0.0
28080,Ganado,1975,2022,2037,47,62,2.4,3.1
28248,Garden Ridge,4186,4237,4239,51,53,1.2,1.3
29000,Garland,246018,247708,248209,1690,2191,0.7,0.9
29036,Garrett,829,840,841,11,12,1.3,1.4
29060,Garrison,789,826,827,37,38,4.7,4.8
29108,Gary City,335,338,338,3,3,0.9,0.9
29168,Gatesville,16135,16375,16403,240,268,1.5,1.7
29348,George West,2171,2113,2117,-58,-54,-2.7,-2.5
29336,Georgetown,67176,94005,98651,26829,31475,39.9,46.9
29408,Gholson,1250,1293,1305,43,55,3.4,4.4
29432,Giddings,4969,5019,5061,50,92,1.0,1.9
29564,Gilmer,4843,5147,5179,304,336,6.3,6.9
29660,Gladewater,6134,6257,6262,123,128,2.0,2.1
29876,Glen Rose,2659,2794,2825,135,166,5.1,6.2
29840,Glenn Heights,15819,18350,18474,2531,2655,16.0,16.8
29972,Godley,1450,3771,4193,2321,2743,160.1,189.2
30044,Goldsmith,236,230,226,-6,-10,-2.5,-4.2
30056,Goldthwaite,1738,1774,1777,36,39,2.1,2.2
30080,Goliad,1620,1703,1720,83,100,5.1,6.2
30092,Golinda,618,669,676,51,58,8.3,9.4
30116,Gonzales,7165,7202,7208,37,43,0.5,0.6
30188,Goodlow,178,178,178,0,0,0.0,0.0
30224,Goodrich,248,257,260,9,12,3.6,4.8
30272,Gordon,470,481,482,11,12,2.3,2.6
30296,Goree,158,158,160,0,2,0.0,1.3
30308,Gorman,976,985,985,9,9,0.9,0.9
30380,Graford,669,697,699,28,30,4.2,4.5
30392,Graham,8732,8766,8777,34,45,0.4,0.5
30416,Granbury,10958,11937,12004,979,1046,8.9,9.5
30464,Grand Prairie,196100,205092,206160,8992,10060,4.6,5.1
30476,Grand Saline,3107,3128,3130,21,23,0.7,0.7
30440,Grandfalls,340,330,326,-10,-14,-2.9,-4.1
30512,Grandview,1879,1934,1945,55,66,2.9,3.5
30548,Granger,1183,1213,1237,30,54,2.5,4.6
30584,Granite Shoals,5129,5453,5494,324,365,6.3,7.1
30608,Granjeno,283,283,280,0,-3,0.0,-1.1
30632,Grapeland,1465,1501,1520,36,55,2.5,3.8
30644,Grapevine,50631,51025,51081,394,450,0.8,0.9
30752,Grays Prairie,325,334,336,9,11,2.8,3.4
30920,Greenville,28164,32884,33805,4720,5641,16.8,20.0
31064,Gregory,1740,1750,1752,10,12,0.6,0.7
31100,Grey Forest,492,504,506,12,14,2.4,2.8
31280,Groesbeck,3631,3616,3602,-15,-29,-0.4,-0.8
31292,Groom,552,551,552,-1,0,-0.2,0.0
31328,Groves,17335,17055,17040,-280,-295,-1.6,-1.7
31340,Groveton,918,931,935,13,17,1.4,1.9
31412,Gruver,1130,1088,1079,-42,-51,-3.7,-4.5
31592,Gun Barrel City,6190,6912,7069,722,879,11.7,14.2
31616,Gunter,2060,2433,2470,373,410,18.1,19.9
31628,Gustine,392,402,404,10,12,2.6,3.1
31715,Hackberry,2973,2913,2897,-60,-76,-2.0,-2.6
31820,Hale Center,2062,1989,1986,-73,-76,-3.5,-3.7
31868,Hallettsville,2731,2726,2729,-5,-2,-0.2,-0.1
31880,Hallsburg,419,457,461,38,42,9.1,10.0
31904,Hallsville,4277,4691,4741,414,464,9.7,10.8
31928,Haltom City,46073,45891,46048,-182,-25,-0.4,-0.1
31952,Hamilton,2895,2964,3003,69,108,2.4,3.7
31964,Hamlin,1831,1858,1863,27,32,1.5,1.7
32156,Happy,602,605,603,3,1,0.5,0.2
32240,Hardin,768,804,806,36,38,4.7,4.9
32312,Harker Heights,33097,34731,35133,1634,2036,4.9,6.2
32372,Harlingen,71829,70909,70854,-920,-975,-1.3,-1.4
32576,Hart,869,863,860,-6,-9,-0.7,-1.0
32684,Harwood,120,117,116,-3,-4,-2.5,-3.3
32696,Haskell,3089,3049,3033,-40,-56,-1.3,-1.8
32720,Haslet,1952,4270,4614,2318,2662,118.8,136.4
32810,Hawk Cove,452,499,506,47,54,10.4,11.9
32816,Hawkins,1274,1329,1331,55,57,4.3,4.5
32840,Hawley,545,563,565,18,20,3.3,3.7
32906,Hays,227,231,231,4,4,1.8,1.8
32972,Hearne,4544,4586,4609,42,65,0.9,1.4
32984,Heath,9769,10652,10840,883,1071,9.0,11.0
33020,Hebron,803,803,803,0,0,0.0,0.0
33044,Hedley,275,265,264,-10,-11,-3.6,-4.0
33068,Hedwig Village,2370,2316,2307,-54,-63,-2.3,-2.7
33146,Helotes,9030,10214,10391,1184,1361,13.1,15.1
33188,Hemphill,1029,1065,1080,36,51,3.5,5.0
33200,Hempstead,5430,6104,6246,674,816,12.4,15.0
33212,Henderson,13271,13238,13243,-33,-28,-0.2,-0.2
33284,Henrietta,3111,3243,3293,132,182,4.2,5.9
33320,Hereford,14972,14833,14853,-139,-119,-0.9,-0.8
33428,Hewitt,16026,16394,16445,368,419,2.3,2.6
33476,Hickory Creek,4718,6137,6477,1419,1759,30.1,37.3
33548,Hico,1335,1440,1477,105,142,7.9,10.6
33560,Hidalgo,13964,14715,14889,751,925,5.4,6.6
33578,Hideaway,3201,3341,3359,140,158,4.4,4.9
33608,Higgins,356,350,350,-6,-6,-1.7,-1.7
33794,Highland Haven,418,412,412,-6,-6,-1.4,-1.4
33824,Highland Park,8864,8653,8649,-211,-215,-2.4,-2.4
33848,Highland Village,15899,16271,16409,372,510,2.3,3.2
33968,Hill Country Village,942,947,950,5,8,0.5,0.8
34018,Hillcrest Village,705,691,693,-14,-12,-2.0,-1.7
34088,Hillsboro,8221,8546,8604,325,383,4.0,4.7
34148,Hilshire Village,816,800,796,-16,-20,-2.0,-2.5
34220,Hitchcock,7301,7626,7648,325,347,4.5,4.8
34502,Holiday Lakes,991,1018,1019,27,28,2.7,2.8
34508,Holland,1075,1117,1123,42,48,3.9,4.5
34532,Holliday,1524,1625,1643,101,119,6.6,7.8
34628,Hollywood Park,3130,3130,3136,0,6,0.0,0.2
34676,Hondo,8289,8535,8604,246,315,3.0,3.8
34700,Honey Grove,1715,1732,1734,17,19,1.0,1.1
34736,Hooks,2518,2451,2437,-67,-81,-2.7,-3.2
34832,Horizon City,22489,23889,24153,1400,1664,6.2,7.4
34862,Horseshoe Bay,4257,5153,5304,896,1047,21.0,24.6
35000,Houston,2304580,2318653,2318657,14073,14077,0.6,0.6
35072,Howardwick,370,385,385,15,15,4.1,4.1
35084,Howe,3571,3547,3472,-24,-99,-0.7,-2.8
35180,Hubbard,1394,1419,1426,25,32,1.8,2.3
35228,Hudson,4849,5161,5190,312,341,6.4,7.0
35254,Hudson Oaks,2174,2518,2363,344,189,15.8,8.7
35300,Hughes Springs,1575,1547,1553,-28,-22,-1.8,-1.4
35348,Humble,16795,16423,16330,-372,-465,-2.2,-2.8
35480,Hunters Creek Village,4385,4357,4361,-28,-24,-0.6,-0.5
35492,Huntington,2025,2048,2059,23,34,1.1,1.7
35528,Huntsville,45941,47881,48069,1940,2128,4.2,4.6
35576,Hurst,40413,39943,39976,-470,-437,-1.2,-1.1
35612,Hutchins,5607,5917,5963,310,356,5.5,6.3
35624,Hutto,27577,38302,39575,10725,11998,38.9,43.5
35636,Huxley,361,375,381,14,20,3.9,5.5
35732,Idalou,2193,2107,2093,-86,-100,-3.9,-4.6
35816,Impact,22,22,22,0,0,0.0,0.0
35918,Indian Lake,839,876,885,37,46,4.4,5.5
35984,Industry,268,276,277,8,9,3.0,3.4
36008,Ingleside,9519,9944,9944,425,425,4.5,4.5
36020,Ingleside on the Bay,614,599,599,-15,-15,-2.4,-2.4
36032,Ingram,1787,1840,1849,53,62,3.0,3.5
36068,Iola,311,315,316,4,5,1.3,1.6
36092,Iowa Colony,8154,14451,15399,6297,7245,77.2,88.9
36104,Iowa Park,6535,6539,6509,4,-26,0.1,-0.4
36128,Iraan,1055,1019,1020,-36,-35,-3.4,-3.3
36140,Iredell,305,305,305,0,0,0.0,0.0
37000,Irving,256684,258109,258513,1425,1829,0.6,0.7
37072,Italy,1926,2031,2037,105,111,5.5,5.8
37084,Itasca,1562,1828,1872,266,310,17.0,19.8
37112,Ivanhoe,1327,1369,1378,42,51,3.2,3.8
37156,Jacinto City,9613,9298,9239,-315,-374,-3.3,-3.9
37168,Jacksboro,4184,4218,4140,34,-44,0.8,-1.1
37216,Jacksonville,13997,14478,14572,481,575,3.4,4.1
37252,Jamaica Beach,1078,1093,1098,15,20,1.4,1.9
37396,Jarrell,1753,4583,5080,2830,3327,161.4,189.8
37420,Jasper,6884,7420,7471,536,587,7.8,8.5
37468,Jayton,511,498,501,-13,-10,-2.5,-2.0
37528,Jefferson,1875,1885,1921,10,46,0.5,2.5
37612,Jersey Village,7921,7924,7925,3,4,0.0,0.1
37648,Jewett,793,826,831,33,38,4.2,4.8
37684,Joaquin,734,741,742,7,8,1.0,1.1
37780,Johnson City,1627,1764,1779,137,152,8.4,9.3
37924,Jolly,172,192,193,20,21,11.6,12.2
37984,Jones Creek,1975,1944,1936,-31,-39,-1.6,-2.0
38020,Jonestown,2365,2682,2694,317,329,13.4,13.9
38068,Josephine,2119,5142,5373,3023,3254,142.7,153.6
38080,Joshua,7891,8879,8980,988,1089,12.5,13.8
38116,Jourdanton,4094,4266,4272,172,178,4.2,4.3
38248,Junction,2451,2523,2514,72,63,2.9,2.6
38332,Justin,4409,5934,6024,1525,1615,34.6,36.6
38452,Karnes City,3111,3171,3210,60,99,1.9,3.2
38476,Katy,21894,25425,25867,3531,3973,16.1,18.1
38488,Kaufman,6797,7507,7656,710,859,10.4,12.6
38548,Keene,6387,6787,6834,400,447,6.3,7.0
38632,Keller,45776,46337,46409,561,633,1.2,1.4
38776,Kemah,1807,2849,3200,1042,1393,57.7,77.1
38788,Kemp,1129,1167,1180,38,51,3.4,4.5
38800,Kempner,1146,1233,1245,87,99,7.6,8.6
38848,Kendleton,343,359,359,16,16,4.7,4.7
38860,Kenedy,3473,3426,3445,-47,-28,-1.4,-0.8
38872,Kenefick,615,639,640,24,25,3.9,4.1
38884,Kennard,272,280,283,8,11,2.9,4.0
38896,Kennedale,8517,9832,10042,1315,1525,15.4,17.9
38992,Kerens,1505,1500,1513,-5,8,-0.3,0.5
39004,Kermit,6267,6122,6109,-145,-158,-2.3,-2.5
39040,Kerrville,24278,24720,24755,442,477,1.8,2.0
39124,Kilgore,13376,13619,13703,243,327,1.8,2.4
39148,Killeen,153095,160752,161542,7657,8447,5.0,5.5
39292,Kingsbury,132,137,133,5,1,3.8,0.8
39352,Kingsville,25402,24877,24835,-525,-567,-2.1,-2.2
39448,Kirby,8142,8232,8268,90,126,1.1,1.5
39460,Kirbyville,2036,2041,2055,5,19,0.2,0.9
39520,Kirvin,101,106,107,5,6,5.0,5.9
39680,Knollwood,764,855,864,91,100,11.9,13.1
39700,Knox City,1065,1062,1075,-3,10,-0.3,0.9
39844,Kosse,458,475,478,17,20,3.7,4.4
39868,Kountze,1981,2138,2168,157,187,7.9,9.4
39904,Kress,596,596,602,0,6,0.0,1.0
39916,Krugerville,1766,1947,1962,181,196,10.2,11.1
39928,Krum,5483,6487,6668,1004,1185,18.3,21.6
39940,Kurten,395,401,401,6,6,1.5,1.5
39952,Kyle,45697,52758,53916,7061,8219,15.5,18.0
40204,La Feria,6817,6755,6735,-62,-82,-0.9,-1.2
40276,La Grange,4391,4431,4434,40,43,0.9,1.0
40288,La Grulla,1222,1232,1237,10,15,0.8,1.2
40384,La Joya,4457,4876,4984,419,527,9.4,11.8
41116,La Marque,18030,19297,19463,1267,1433,7.0,7.9
41440,La Porte,35124,36502,36623,1378,1499,3.9,4.3
41764,La Vernia,1077,1391,1451,314,374,29.2,34.7
41788,La Villa,2804,3059,3103,255,299,9.1,10.7
41848,La Ward,176,197,201,21,25,11.9,14.2
40108,LaCoste,1077,1157,1174,80,97,7.4,9.0
40168,Lacy-Lakeview,6988,7123,7140,135,152,1.9,2.2
40180,Ladonia,597,611,615,14,18,2.3,3.0
40264,Lago Vista,8896,10352,10497,1456,1601,16.4,18.0
40336,Laguna Vista,3520,3800,3821,280,301,8.0,8.6
40450,Lake Bridgeport,339,372,379,33,40,9.7,11.8
40472,Lake City,447,463,463,16,16,3.6,3.6
40516,Lake Dallas,7708,7793,7797,85,89,1.1,1.2
40588,Lake Jackson,28177,27560,27491,-617,-686,-2.2,-2.4
40804,Lake Tanglewood,686,729,747,43,61,6.3,8.9
41056,Lake Worth,4711,5162,5296,451,585,9.6,12.4
40696,Lakeport,976,986,984,10,8,1.0,0.8
40738,Lakeside (San Patricio),338,342,344,4,6,1.2,1.8
40744,Lakeside (Tarrant),1649,1632,1638,-17,-11,-1.0,-0.7
40756,Lakeside City (Archer),1082,1272,1304,190,222,17.6,20.5
40888,Lakeview,60,60,60,0,0,0.0,0.0
40984,Lakeway,19189,19316,19189,127,0,0.7,0.0
41050,Lakewood Village,635,652,653,17,18,2.7,2.8
41164,Lamesa,8674,8336,8308,-338,-366,-3.9,-4.2
41188,Lampasas,7291,7593,7622,302,331,4.1,4.5
41212,Lancaster,41275,40847,40892,-428,-383,-1.0,-0.9
41464,Laredo,255205,260893,261711,5688,6506,2.2,2.5
41644,Latexo,232,232,232,0,0,0.0,0.0
41800,Lavon,4469,7429,7889,2960,3420,66.2,76.5
41872,Lawn,311,311,313,0,2,0.0,0.6
41980,League City,114392,115482,114505,1090,113,1.0,0.1
42004,Leakey,315,325,325,10,10,3.2,3.2
42016,Leander,59202,77504,79884,18302,20682,30.9,34.9
42028,Leary,433,451,453,18,20,4.2,4.6
42148,Lefors,420,420,421,0,1,0.0,0.2
42388,Leon Valley,11542,11552,11577,10,35,0.1,0.3
42340,Leona,151,162,161,11,10,7.3,6.6
42352,Leonard,1987,2050,2059,63,72,3.2,3.6
42400,Leroy,354,354,354,0,0,0.0,0.0
42448,Levelland,12652,12509,12632,-143,-20,-1.1,-0.2
42508,Lewisville,111822,134809,135320,22987,23498,20.6,21.0
42532,Lexington,1217,1283,1286,66,69,5.4,5.7
42568,Liberty,8279,8408,8399,129,120,1.6,1.4
42664,Liberty Hill,3646,12365,13724,8719,10078,239.1,276.4
42820,Lindale,6059,6854,6941,795,882,13.1,14.6
42844,Linden,1825,1810,1810,-15,-15,-0.8,-0.8
42868,Lindsay,1045,1184,1230,139,185,13.3,17.7
42940,Lipan,505,508,510,3,5,0.6,1.0
43012,Little Elm,46453,56719,57777,10266,11324,22.1,24.4
43066,Little River-Academy,1992,2003,1997,11,5,0.6,0.3
43024,Littlefield,5943,5738,5727,-205,-216,-3.4,-3.6
43096,Live Oak,15781,16296,16385,515,604,3.3,3.8
43120,Liverpool,475,501,503,26,28,5.5,5.9
43132,Livingston,5640,5747,5766,107,126,1.9,2.2
43144,Llano,3325,3454,3460,129,135,3.9,4.1
43240,Lockhart,14379,16420,17146,2041,2767,14.2,19.2
43252,Lockney,1498,1438,1441,-60,-57,-4.0,-3.8
43354,Log Cabin,678,795,807,117,129,17.3,19.0
43516,Lometa,753,1464,1667,711,914,94.4,121.4
43636,Lone Oak,643,734,748,91,105,14.2,16.3
43684,Lone Star,1400,1398,1395,-2,-5,-0.1,-0.4
43888,Longview,81638,83202,83591,1564,1953,1.9,2.4
43996,Loraine,504,508,511,4,7,0.8,1.4
44020,Lorena,1785,1819,1842,34,57,1.9,3.2
44032,Lorenzo,964,922,912,-42,-52,-4.4,-5.4
44116,Los Fresnos,8114,8353,8408,239,294,2.9,3.6
44128,Los Indios,1008,1017,1024,9,16,0.9,1.6
44170,Los Ybanez,28,27,27,-1,-1,-3.6,-3.6
44176,Lott,644,658,661,14,17,2.2,2.6
44260,Lovelady,570,583,585,13,15,2.3,2.6
44308,Lowry Crossing,1689,1827,1886,138,197,8.2,11.7
45000,Lubbock,257141,265711,266289,8570,9148,3.3,3.6
45012,Lucas,7612,8443,8518,831,906,10.9,11.9
45048,Lueders,258,258,258,0,0,0.0,0.0
45072,Lufkin,34143,34177,34285,34,142,0.1,0.4
45096,Luling,5599,5762,5914,163,315,2.9,5.6
45120,Lumberton,13554,14091,14143,537,589,4.0,4.3
45228,Lyford,2249,2207,2175,-42,-74,-1.9,-3.3
45288,Lytle,2914,3162,3223,248,309,8.5,10.6
45324,Mabank,4050,5287,5599,1237,1549,30.5,38.2
45996,Madisonville,4420,4450,4444,30,24,0.7,0.5
46056,Magnolia,2359,5199,5836,2840,3477,120.4,147.4
46224,Malakoff,2179,2171,2171,-8,-8,-0.4,-0.4
46260,Malone,237,244,244,7,7,3.0,3.0
46440,Manor,13652,19555,20307,5903,6655,43.2,48.7
46452,Mansfield,72602,82252,83900,9650,11298,13.3,15.6
46500,Manvel,9992,17137,18258,7145,8266,71.5,82.7
46584,Marble Falls,7037,8589,9199,1552,2162,22.1,30.7
46620,Marfa,1788,1742,1724,-46,-64,-2.6,-3.6
46668,Marietta,115,113,113,-2,-2,-1.7,-1.7
46692,Marion,1034,1104,1129,70,95,6.8,9.2
46740,Marlin,5462,5460,5462,-2,0,-0.0,0.0
46752,Marquez,181,195,196,14,15,7.7,8.3
46776,Marshall,23392,24129,24419,737,1027,3.2,4.4
46824,Mart,1748,1781,1772,33,24,1.9,1.4
46848,Martindale,1253,1277,1315,24,62,1.9,4.9
46968,Mason,2121,2065,2019,-56,-102,-2.6,-4.8
47004,Matador,569,544,541,-25,-28,-4.4,-4.9
47040,Mathis,4333,4260,4261,-73,-72,-1.7,-1.7
47088,Maud,977,1004,1015,27,38,2.8,3.9
47268,Maypearl,939,952,951,13,12,1.4,1.3
45384,McAllen,142210,148109,149293,5899,7083,4.1,5.0
45432,McCamey,1831,1795,1789,-36,-42,-2.0,-2.3
45672,McGregor,5321,5769,5798,448,477,8.4,9.0
45744,McKinney,195308,217053,219326,21745,24018,11.1,12.3
45780,McLean,665,642,633,-23,-32,-3.5,-4.8
45804,McLendon-Chisholm,3562,4904,5133,1342,1571,37.7,44.1
47316,Meadow,601,614,615,13,14,2.2,2.3
47330,Meadowlakes,1907,1890,1886,-17,-21,-0.9,-1.1
47337,Meadows Place,4767,4490,4352,-277,-415,-5.8,-8.7
47460,Megargel,174,176,177,2,3,1.1,1.7
47496,Melissa,13901,22399,23779,8498,9878,61.1,71.1
47568,Melvin,123,119,117,-4,-6,-3.3,-4.9
47616,Memphis,2048,2049,2051,1,3,0.0,0.1
47628,Menard,1348,1372,1384,24,36,1.8,2.7
47700,Mercedes,16258,17230,17474,972,1216,6.0,7.5
47760,Meridian,1396,1398,1401,2,5,0.1,0.4
47796,Merkel,2471,2429,2428,-42,-43,-1.7,-1.7
47820,Mertens,144,149,150,5,6,3.5,4.2
47832,Mertzon,747,759,760,12,13,1.6,1.7
47892,Mesquite,150108,150614,150701,506,593,0.3,0.4
47916,Mexia,6893,6901,6880,8,-13,0.1,-0.2
47988,Miami,539,541,545,2,6,0.4,1.1
48072,Midland,132524,138157,140187,5633,7663,4.3,5.8
48096,Midlothian,35125,40402,41518,5277,6393,15.0,18.2
48180,Midway,173,183,183,10,10,5.8,5.8
48336,Milano,390,415,419,25,29,6.4,7.4
48372,Mildred,399,410,412,11,13,2.8,3.3
48396,Miles,875,941,953,66,78,7.5,8.9
48408,Milford,722,776,788,54,66,7.5,9.1
48478,Miller's Cove,71,77,77,6,6,8.5,8.5
48564,Millsap,370,381,384,11,14,3.0,3.8
48648,Mineola,4823,5102,5174,279,351,5.8,7.3
48684,Mineral Wells,14820,15469,15612,649,792,4.4,5.3
48720,Mingus,223,228,229,5,6,2.2,2.7
48768,Mission,85778,87750,88318,1972,2540,2.3,3.0
48804,Missouri City,74259,74923,81011,664,6752,0.9,9.1
48852,Mobeetie,87,84,84,-3,-3,-3.4,-3.4
48858,Mobile City,142,167,172,25,30,17.6,21.1
48936,Monahans,7836,7732,7703,-104,-133,-1.3,-1.7
49068,Mont Belvieu,7654,9315,9559,1661,1905,21.7,24.9
49128,Montgomery,1948,2690,2841,742,893,38.1,45.8
49200,Moody,1376,1421,1419,45,43,3.3,3.1
49272,Moore Station,160,164,165,4,5,2.5,3.1
49320,Moran,226,239,243,13,17,5.8,7.5
49356,Morgan,454,467,470,13,16,2.9,3.5
49380,Morgan's Point,273,268,268,-5,-5,-1.8,-1.8
49392,Morgan's Point Resort,4636,4667,4650,31,14,0.7,0.3
49464,Morton,1690,1703,1698,13,8,0.8,0.5
49560,Moulton,854,855,857,1,3,0.1,0.4
49692,Mount Calm,282,299,301,17,19,6.0,6.7
49728,Mount Enterprise,505,505,505,0,0,0.0,0.0
49800,Mount Pleasant,16047,16082,16133,35,86,0.2,0.5
49860,Mount Vernon,2491,2531,2531,40,40,1.6,1.6
49600,Mountain City,622,625,625,3,3,0.5,0.5
49932,Muenster,1536,1621,1640,85,104,5.5,6.8
49968,Muleshoe,5160,5011,4981,-149,-179,-2.9,-3.5
49992,Mullin,130,130,130,0,0,0.0,0.0
50040,Munday,1246,1206,1199,-40,-47,-3.2,-3.8
50076,Murchison,516,519,517,3,1,0.6,0.2
50100,Murphy,21013,21131,21133,118,120,0.6,0.6
50200,Mustang Ridge,944,1245,1383,301,439,31.9,46.5
50256,Nacogdoches,32147,31741,31793,-406,-354,-1.3,-1.1
50316,Naples,1387,1400,1401,13,14,0.9,1.0
50352,Nash,3814,4281,4332,467,518,12.2,13.6
50376,Nassau Bay,5347,5171,5146,-176,-201,-3.3,-3.8
50400,Natalia,1202,1305,1318,103,116,8.6,9.7
50448,Navarro,232,240,240,8,8,3.4,3.4
50472,Navasota,7643,8641,8825,998,1182,13.1,15.5
50496,Nazareth,310,309,307,-1,-3,-0.3,-1.0
50580,Nederland,18856,18284,18227,-572,-629,-3.0,-3.3
50628,Needville,3089,3182,3196,93,107,3.0,3.5
50724,Nesbitt,273,263,258,-10,-15,-3.7,-5.5
50760,Nevada,1314,1437,1479,123,165,9.4,12.6
50796,New Berlin,656,715,709,59,53,9.0,8.1
50808,New Boston,4612,3947,3960,-665,-652,-14.4,-14.1
50820,New Braunfels,90403,109746,112981,19343,22578,21.4,25.0
50876,New Chapel Hill,620,636,636,16,16,2.6,2.6
50916,New Deal,730,754,759,24,29,3.3,4.0
50920,New Fairview,1386,1877,1891,491,505,35.4,36.4
51012,New Home,326,334,332,8,6,2.5,1.8
51036,New Hope,661,659,655,-2,-6,-0.3,-0.9
51168,New London,958,970,971,12,13,1.3,1.4
51336,New Summerfield,843,890,899,47,56,5.6,6.6
51396,New Waverly,914,950,957,36,43,3.9,4.7
50772,Newark,1096,1229,1258,133,162,12.1,14.8
50868,Newcastle,526,545,549,19,23,3.6,4.4
51372,Newton,1633,1573,1583,-60,-50,-3.7,-3.1
51444,Neylandville,67,69,70,2,3,3.0,4.5
51492,Niederwald,668,705,711,37,43,5.5,6.4
51588,Nixon,2341,2348,2342,7,1,0.3,0.0
51648,Nocona,3002,3165,3197,163,195,5.4,6.5
51708,Nolanville,5917,6971,7103,1054,1186,17.8,20.0
51720,Nome,469,457,457,-12,-12,-2.6,-2.6
51756,Noonday,612,780,780,168,168,27.5,27.5
51792,Nordheim,336,346,352,10,16,3.0,4.8
51840,Normangee,495,525,529,30,34,6.1,6.9
51984,North Cleveland,225,233,233,8,8,3.6,3.6
52356,North Richland Hills,69917,71751,72260,1834,2343,2.6,3.4
52212,Northlake,5201,10327,10754,5126,5553,98.6,106.8
52668,Novice,122,127,128,5,6,4.1,4.9
53304,O'Brien,91,90,90,-1,-1,-1.1,-1.1
53436,O'Donnell,704,704,704,0,0,0.0,0.0
52902,Oak Grove,617,656,662,39,45,6.3,7.3
53115,Oak Leaf,1552,1691,1723,139,171,9.0,11.0
53130,Oak Point,4357,5740,5955,1383,1598,31.7,36.7
53154,Oak Ridge (Cooke),242,285,293,43,51,17.8,21.1
53160,Oak Ridge (Kaufman),771,1143,1202,372,431,48.2,55.9
53190,Oak Ridge North,3057,2936,2930,-121,-127,-4.0,-4.2
53217,Oak Valley,406,422,423,16,17,3.9,4.2
53232,Oakwood,389,403,405,14,16,3.6,4.1
53376,Odem,2255,2294,2326,39,71,1.7,3.1
53388,Odessa,114428,118414,118877,3986,4449,3.5,3.9
53520,Oglesby,441,436,434,-5,-7,-1.1,-1.6
53824,Old River-Winfree,1315,1421,1438,106,123,8.1,9.4
53988,Olmos Park,2180,2173,2177,-7,-3,-0.3,-0.1
54000,Olney,3007,2999,3001,-8,-6,-0.3,-0.2
54012,Olton,1989,1930,1931,-59,-58,-3.0,-2.9
54024,Omaha,936,935,933,-1,-3,-0.1,-0.3
54048,Onalaska,3020,3207,3233,187,213,6.2,7.1
54075,Opdyke West,220,229,229,9,9,4.1,4.1
54132,Orange,19324,18970,18789,-354,-535,-1.8,-2.8
54168,Orange Grove,1165,1186,1186,21,21,1.8,1.8
54192,Orchard,313,317,320,4,7,1.3,2.2
54216,Ore City,1108,1187,1211,79,103,7.1,9.3
54432,Overton,2275,2282,2274,7,-1,0.3,-0.0
54444,Ovilla,4304,4692,4830,388,526,9.0,12.2
54528,Oyster Creek,1173,1199,1204,26,31,2.2,2.6
54600,Paducah,1063,1026,1029,-37,-34,-3.5,-3.2
54636,Paint Rock,237,244,244,7,7,3.0,3.0
54684,Palacios,4395,4365,4366,-30,-29,-0.7,-0.7
54708,Palestine,18544,19499,19770,955,1226,5.1,6.6
54726,Palisades,268,281,284,13,16,4.9,6.0
54798,Palm Valley,1413,1360,1352,-53,-61,-3.8,-4.3
54744,Palmer,2393,2511,2533,118,140,4.9,5.9
54780,Palmhurst,2601,2631,2641,30,40,1.2,1.5
54804,Palmview,15830,15848,15912,18,82,0.1,0.5
54912,Pampa,16867,16364,16319,-503,-548,-3.0,-3.2
54960,Panhandle,2378,2405,2407,27,29,1.1,1.2
55008,Panorama Village,2515,2548,2552,33,37,1.3,1.5
55020,Pantego,2568,2521,2525,-47,-43,-1.8,-1.7
55056,Paradise,475,686,725,211,250,44.4,52.6
55080,Paris,24476,24930,24990,454,514,1.9,2.1
55152,Parker,5462,6197,6282,735,820,13.5,15.0
56000,Pasadena,151950,147404,146548,-4546,-5402,-3.0,-3.6
56108,Pattison,547,600,605,53,58,9.7,10.6
56156,Patton Village,1647,1715,1721,68,74,4.1,4.5
56276,Payne Springs,741,826,850,85,109,11.5,14.7
56348,Pearland,125828,129990,131718,4162,5890,3.3,4.7
56384,Pearsall,7325,7508,7539,183,214,2.5,2.9
00003,Peaster,,642,642,642,642,,
56468,Pecan Gap,178,182,184,4,6,2.2,3.4
56485,Pecan Hill,735,743,743,8,8,1.1,1.1
56640,Pelican Bay,2049,2627,2720,578,671,28.2,32.7
56672,Penelope,180,180,180,0,0,0.0,0.0
56696,Penitas,6460,6440,6458,-20,-2,-0.3,-0.0
56912,Perryton,8492,8129,8164,-363,-328,-4.3,-3.9
56996,Petersburg,1014,974,972,-40,-42,-3.9,-4.1
57044,Petrolia,514,531,539,17,25,3.3,4.9
57056,Petronila,89,89,89,0,0,0.0,0.0
57176,Pflugerville,65191,70830,71616,5639,6425,8.6,9.9
57200,Pharr,79715,81727,82164,2012,2449,2.5,3.1
57476,Pilot Point,4381,6149,6537,1768,2156,40.4,49.2
57524,Pine Forest,499,508,514,9,15,1.8,3.0
57615,Pine Island,1077,1120,1125,43,48,4.0,4.5
57608,Pinehurst,2232,2246,2273,14,41,0.6,1.8
57644,Pineland,888,912,923,24,35,2.7,3.9
57800,Piney Point Village,3128,3097,3089,-31,-39,-1.0,-1.2
57908,Pittsburg,4335,4412,4471,77,136,1.8,3.1
57968,Plains,1355,1324,1329,-31,-26,-2.3,-1.9
57980,Plainview,20187,19330,19280,-857,-907,-4.2,-4.5
58016,Plano,285494,292264,292485,6770,6991,2.4,2.4
58040,Plantersville,464,554,554,90,90,19.4,19.4
58088,Pleak,971,1009,1009,38,38,3.9,3.9
58400,Pleasant Valley,357,372,380,15,23,4.2,6.4
58280,Pleasanton,10648,11138,11220,490,572,4.6,5.4
58448,Plum Grove,1245,1296,1299,51,54,4.1,4.3
58502,Poetry,0,1558,1587,1558,1587,,
58532,Point,745,784,795,39,50,5.2,6.7
58556,Point Blank,643,659,658,16,15,2.5,2.3
58568,Point Comfort,603,570,568,-33,-35,-5.5,-5.8
58586,Point Venture,1260,1293,1291,33,31,2.6,2.5
58664,Ponder,2442,2685,2745,243,303,10.0,12.4
58808,Port Aransas,2904,4257,4477,1353,1573,46.6,54.2
58820,Port Arthur,56039,54681,54466,-1358,-1573,-2.4,-2.8
58892,Port Isabel,5028,5212,5233,184,205,3.7,4.1
58916,Port Lavaca,11557,11163,11128,-394,-429,-3.4,-3.7
58940,Port Neches,13692,13430,13411,-262,-281,-1.9,-2.1
58904,Portland,20383,21186,21623,803,1240,3.9,6.1
59012,Post,4790,4639,4501,-151,-289,-3.2,-6.0
59065,Post Oak Bend,683,888,974,205,291,30.0,42.6
59084,Poteet,2795,2922,2936,127,141,4.5,5.0
59096,Poth,1819,1908,1916,89,97,4.9,5.3
59132,Pottsboro,2488,2782,2809,294,321,11.8,12.9
59168,Powell,99,99,99,0,0,0.0,0.0
59192,Poynor,287,287,287,0,0,0.0,0.0
59336,Prairie View,8184,8287,8157,103,-27,1.3,-0.3
59384,Premont,2455,2447,2446,-8,-9,-0.3,-0.4
59396,Presidio,3264,3180,3142,-84,-122,-2.6,-3.7
59540,Primera,5257,5320,5330,63,73,1.2,1.4
59576,Princeton,17027,29897,32604,12870,15577,75.6,91.5
59636,Progreso,4807,5078,5127,271,320,5.6,6.7
59642,Progreso Lakes,257,275,278,18,21,7.0,8.2
59696,Prosper,30174,41101,42410,10927,12236,36.2,40.6
59748,Providence Village,7691,9422,9830,1731,2139,22.5,27.8
59984,Putnam,63,63,63,0,0,0.0,0.0
59996,Pyote,72,69,69,-3,-3,-4.2,-4.2
60044,Quanah,2279,2221,2201,-58,-78,-2.5,-3.4
60080,Queen City,1397,1462,1482,65,85,4.7,6.1
60140,Quinlan,1414,1532,1556,118,142,8.3,10.0
60164,Quintana,26,26,28,0,2,0.0,7.7
60176,Quitaque,342,346,346,4,4,1.2,1.2
60188,Quitman,1942,1941,1938,-1,-4,-0.1,-0.2
60356,Ralls,1665,1545,1522,-120,-143,-7.2,-8.6
60544,Rancho Viejo,2838,2861,2858,23,20,0.8,0.7
60632,Ranger,2300,2321,2319,21,19,0.9,0.8
60644,Rangerville,255,245,240,-10,-15,-3.9,-5.9
60668,Rankin,780,755,750,-25,-30,-3.2,-3.8
60672,Ransom Canyon,1189,1158,1154,-31,-35,-2.6,-2.9
60752,Ravenna,175,181,183,6,8,3.4,4.6
60836,Raymondville,10236,10109,10076,-127,-160,-1.2,-1.6
61172,Red Lick,946,954,950,8,4,0.8,0.4
61196,Red Oak,14222,18657,19381,4435,5159,31.2,36.3
61340,Redwater,853,856,856,3,3,0.4,0.4
61436,Refugio,2712,2746,2752,34,40,1.3,1.5
61508,Reklaw,332,340,342,8,10,2.4,3.0
61592,Reno (Lamar),3454,3513,3521,59,67,1.7,1.9
61604,"Reno (Parker, Tarrant)",2878,3387,3459,509,581,17.7,20.2
61616,Retreat,410,429,428,19,18,4.6,4.4
61700,Rhome,1630,1833,1874,203,244,12.5,15.0
61736,Rice,1203,1278,1284,75,81,6.2,6.7
61796,Richardson,119469,118668,118368,-801,-1101,-0.7,-0.9
61820,Richland,255,266,270,11,15,4.3,5.9
61844,Richland Hills,8621,8553,8601,-68,-20,-0.8,-0.2
61880,Richland Springs,244,244,243,0,-1,0.0,-0.4
61892,Richmond,11627,12587,12773,960,1146,8.3,9.9
61904,Richwood,4781,4731,4713,-50,-68,-1.0,-1.4
62108,Riesel,1062,1086,1090,24,28,2.3,2.6
62138,Rio Bravo,4450,4341,4324,-109,-126,-2.4,-2.8
62168,Rio Grande City,15317,15977,16027,660,710,4.3,4.6
62180,Rio Hondo,2021,2185,2211,164,190,8.1,9.4
62240,Rio Vista,1008,1177,1199,169,191,16.8,18.9
62252,Rising Star,756,765,764,9,8,1.2,1.1
62384,River Oaks,7646,7516,7528,-130,-118,-1.7,-1.5
62408,Riverside,522,548,551,26,29,5.0,5.6
62486,Road Runner,766,804,809,38,43,5.0,5.6
62504,Roanoke,9665,10555,10822,890,1157,9.2,12.0
62528,Roaring Springs,217,209,208,-8,-9,-3.7,-4.1
62564,Robert Lee,1027,1036,1038,9,11,0.9,1.1
62588,Robinson,12443,13095,13164,652,721,5.2,5.8
62600,Robstown,10143,10186,10188,43,45,0.4,0.4
62612,Roby,591,578,576,-13,-15,-2.2,-2.5
62636,Rochester,248,245,244,-3,-4,-1.2,-1.6
62672,Rockdale,5323,5301,5289,-22,-34,-0.4,-0.6
62804,Rockport,10070,10895,10862,825,792,8.2,7.9
62816,Rocksprings,874,848,841,-26,-33,-3.0,-3.8
62828,Rockwall,47251,50820,51509,3569,4258,7.6,9.0
62870,Rocky Mound,78,99,110,21,32,26.9,41.0
62924,Rogers,1113,1101,1100,-12,-13,-1.1,-1.2
63008,Rollingwood,1467,1467,1469,0,2,0.0,0.1
63020,Roma,11561,11713,11848,152,287,1.3,2.5
63044,Roman Forest,1781,2321,2390,540,609,30.3,34.2
63140,Ropesville,430,459,463,29,33,6.7,7.7
63176,Roscoe,1271,1236,1227,-35,-44,-2.8,-3.5
63200,Rose City,326,338,339,12,13,3.7,4.0
63272,Rose Hill Acres,325,330,328,5,3,1.5,0.9
63188,Rosebud,1296,1312,1312,16,16,1.2,1.2
63284,Rosenberg,38282,40454,40800,2172,2518,5.7,6.6
63380,Ross,245,245,244,0,-1,0.0,-0.4
63404,Rosser,301,338,345,37,44,12.3,14.6
63464,Rotan,1332,1294,1290,-38,-42,-2.9,-3.2
63476,Round Mountain,101,103,104,2,3,2.0,3.0
63500,Round Rock,119468,129554,131740,10086,12272,8.4,10.3
63524,Round Top,87,94,96,7,9,8.0,10.3
63572,Rowlett,62535,65079,65419,2544,2884,4.1,4.6
63584,Roxton,548,553,555,5,7,0.9,1.3
63668,Royse City,13508,22221,23428,8713,9920,64.5,73.4
63752,Rule,561,554,551,-7,-10,-1.2,-1.8
63782,Runaway Bay,1546,1987,2069,441,523,28.5,33.8
63788,Runge,892,909,912,17,20,1.9,2.2
63848,Rusk,5285,5321,5329,36,44,0.7,0.8
64004,Sabinal,1364,1375,1372,11,8,0.8,0.6
64064,Sachse,27103,28962,29052,1859,1949,6.9,7.2
64088,Sadler,336,340,341,4,5,1.2,1.5
64112,Saginaw,23890,25214,25277,1324,1387,5.5,5.8
64268,Salado,2394,2409,2425,15,31,0.6,1.3
64472,San Angelo,99893,99203,99565,-690,-328,-0.7,-0.3
65000,San Antonio,1434625,1487588,1496876,52963,62251,3.7,4.3
65024,San Augustine,1920,1901,1881,-19,-39,-1.0,-2.0
65036,San Benito,24861,24579,24543,-282,-318,-1.1,-1.3
65180,San Diego,3748,3605,3594,-143,-154,-3.8,-4.1
65360,San Elizario,10116,10284,10399,168,283,1.7,2.8
65372,San Felipe,691,724,729,33,38,4.8,5.5
65516,San Juan,35294,36067,36182,773,888,2.2,2.5
65552,San Leanna,522,518,518,-4,-4,-0.8,-0.8
65600,San Marcos,67553,78731,79584,11178,12031,16.5,17.8
65612,San Patricio,384,444,451,60,67,15.6,17.4
65636,San Perlita,538,539,536,1,-2,0.2,-0.4
65648,San Saba,3117,3113,3099,-4,-18,-0.1,-0.6
65066,Sanctuary,337,337,337,0,0,0.0,0.0
65344,Sandy Oaks,5075,5446,5501,371,426,7.3,8.4
65345,Sandy Point,207,210,212,3,5,1.4,2.4
65384,Sanford,132,128,126,-4,-6,-3.0,-4.5
65408,Sanger,8839,9723,9743,884,904,10.0,10.2
65660,Sansom Park,5454,5426,5443,-28,-11,-0.5,-0.2
65672,Santa Anna,1014,1021,1016,7,2,0.7,0.2
65690,Santa Clara,778,737,713,-41,-65,-5.3,-8.4
65726,Santa Fe,12735,12938,12987,203,252,1.6,2.0
65768,Santa Rosa,2450,2365,2350,-85,-100,-3.5,-4.1
66008,Savoy,712,727,733,15,21,2.1,2.9
66128,Schertz,42002,44558,45470,2556,3468,6.1,8.3
66188,Schulenburg,2633,2754,2765,121,132,4.6,5.0
66284,Scotland,413,423,426,10,13,2.4,3.1
66332,Scottsville,334,334,334,0,0,0.0,0.0
66368,Scurry,688,710,710,22,22,3.2,3.2
66392,Seabrook,13618,13642,13601,24,-17,0.2,-0.1
66416,Seadrift,995,1042,1058,47,63,4.7,6.3
66428,Seagoville,18446,19624,19655,1178,1209,6.4,6.6
66440,Seagraves,2153,2155,2157,2,4,0.1,0.2
66464,Sealy,6839,7222,7346,383,507,5.6,7.4
66644,Seguin,29433,35497,35715,6064,6282,20.6,21.3
66704,Selma,10952,11358,11333,406,381,3.7,3.5
66764,Seminole,6988,7086,7113,98,125,1.4,1.8
66884,Seven Oaks,68,68,68,0,0,0.0,0.0
66908,Seven Points,1370,1462,1471,92,101,6.7,7.4
66968,Seymour,2575,2587,2585,12,10,0.5,0.4
67100,Shady Shores,2764,2914,2911,150,147,5.4,5.3
67136,Shallowater,2964,2926,2916,-38,-48,-1.3,-1.6
67160,Shamrock,1789,1736,1728,-53,-61,-3.0,-3.4
67268,Shavano Park,3524,3786,3820,262,296,7.4,8.4
67400,Shenandoah,3499,3713,3749,214,250,6.1,7.1
67424,Shepherd,2105,2121,2144,16,39,0.8,1.9
67496,Sherman,43645,47337,48224,3692,4579,8.5,10.5
67640,Shiner,2127,2149,2136,22,9,1.0,0.4
67688,Shoreacres,1566,1529,1522,-37,-44,-2.4,-2.8
67832,Silsbee,6935,6773,6735,-162,-200,-2.3,-2.9
67904,Silverton,629,629,629,0,0,0.0,0.0
67964,Simonton,647,667,669,20,22,3.1,3.4
68036,Sinton,5504,5580,5608,76,104,1.4,1.9
68120,Skellytown,394,402,404,8,10,2.0,2.5
68180,Slaton,5858,5622,5593,-236,-265,-4.0,-4.5
68300,Smiley,475,481,478,6,3,1.3,0.6
68456,Smithville,3922,4130,4150,208,228,5.3,5.8
68504,Smyer,441,445,449,4,8,0.9,1.8
68576,Snook,506,541,551,35,45,6.9,8.9
68624,Snyder,11438,11383,11336,-55,-102,-0.5,-0.9
68636,Socorro,34306,37838,37996,3532,3690,10.3,10.8
68708,Somerset,1756,1867,1888,111,132,6.3,7.5
68720,Somerville,1312,1367,1381,55,69,4.2,5.3
68756,Sonora,2502,2403,2400,-99,-102,-4.0,-4.1
68828,Sour Lake,1773,1870,1873,97,100,5.5,5.6
68978,South Frydek,207,216,218,9,11,4.3,5.3
69020,South Houston,16153,15716,15627,-437,-526,-2.7,-3.3
69120,South Mountain,411,416,419,5,8,1.2,1.9
69140,South Padre Island,2066,2172,2200,106,134,5.1,6.5
69032,Southlake,31265,31312,31436,47,171,0.2,0.5
69104,Southmayd,978,1039,1044,61,66,6.2,6.7
69272,Southside Place,1835,1885,1887,50,52,2.7,2.8
69476,Spearman,3171,3063,3041,-108,-130,-3.4,-4.1
69548,Splendora,1683,1819,1857,136,174,8.1,10.3
69560,Spofford,41,41,41,0,0,0.0,0.0
69608,Spring Branch,206,206,206,0,0,0.0,0.0
69830,Spring Valley Village,4229,4296,4302,67,73,1.6,1.7
69764,Springlake,145,145,147,0,2,0.0,1.4
69800,Springtown,3064,4176,4408,1112,1344,36.3,43.9
69848,Spur,863,835,831,-28,-32,-3.2,-3.7
64172,St. Hedwig,2227,2372,2397,145,170,6.5,7.6
64184,St. Jo,881,938,947,57,66,6.5,7.5
64220,St. Paul,992,998,998,6,6,0.6,0.6
69908,Stafford,17666,17023,16985,-643,-681,-3.6,-3.9
69932,Stagecoach,580,581,581,1,1,0.2,0.2
69980,Stamford,2907,2814,2810,-93,-97,-3.2,-3.3
70040,Stanton,2657,2649,2647,-8,-10,-0.3,-0.4
70052,Staples,193,182,176,-11,-17,-5.7,-8.8
70076,Star Harbor,482,505,510,23,28,4.8,5.8
70208,Stephenville,20897,21840,21992,943,1095,4.5,5.2
70232,Sterling City,1121,1145,1137,24,16,2.1,1.4
70340,Stinnett,1650,1613,1611,-37,-39,-2.2,-2.4
70376,Stockdale,1413,1415,1419,2,6,0.1,0.4
70406,Stockton Bend,380,380,380,0,0,0.0,0.0
70544,Stratford,1939,1902,1871,-37,-68,-1.9,-3.5
70580,Strawn,540,550,550,10,10,1.9,1.9
70604,Streetman,248,284,292,36,44,14.5,17.7
70772,Sudan,940,920,919,-20,-21,-2.1,-2.2
70808,Sugar Land,111026,105610,105161,-5416,-5865,-4.9,-5.3
70868,Sullivan City,3908,3932,3946,24,38,0.6,1.0
70904,Sulphur Springs,15941,16388,16432,447,491,2.8,3.1
71356,Sun Valley,70,78,82,8,12,11.4,17.1
71060,Sundown,1283,1292,1299,9,16,0.7,1.2
71156,Sunnyvale,7893,8596,8635,703,742,8.9,9.4
71180,Sunray,1707,1733,1756,26,49,1.5,2.9
71228,Sunrise Beach Village,739,785,793,46,54,6.2,7.3
71324,Sunset Valley,683,635,629,-48,-54,-7.0,-7.9
71384,Surfside Beach,640,761,776,121,136,18.9,21.3
71492,Sweeny,3626,3535,3521,-91,-105,-2.5,-2.9
71540,Sweetwater,10622,10195,10116,-427,-506,-4.0,-4.8
71684,Taft,2801,2706,2692,-95,-109,-3.4,-3.9
71708,Tahoka,2375,2355,2349,-20,-26,-0.8,-1.1
71732,Talco,494,486,486,-8,-8,-1.6,-1.6
71756,Talty,2500,2551,2553,51,53,2.0,2.1
71924,Tatum,1342,1373,1380,31,38,2.3,2.8
71948,Taylor,16267,16852,17004,585,737,3.6,4.5
71960,Taylor Lake Village,3704,3785,3799,81,95,2.2,2.6
71966,Taylor Landing,278,285,287,7,9,2.5,3.2
72020,Teague,3384,3532,3571,148,187,4.4,5.5
72080,Tehuacana,228,228,227,0,-1,0.0,-0.4
72176,Temple,82073,91519,92808,9446,10735,11.5,13.1
72188,Tenaha,989,1016,1024,27,35,2.7,3.5
72284,Terrell,17465,18465,18634,1000,1169,5.7,6.7
72296,Terrell Hills,5045,5101,5128,56,83,1.1,1.6
72368,Texarkana,36193,36768,37309,575,1116,1.6,3.1
72392,Texas City,51898,55619,56040,3721,4142,7.2,8.0
72464,Texhoma,258,246,242,-12,-16,-4.7,-6.2
72476,Texline,448,464,470,16,22,3.6,4.9
72530,The Colony,44534,44744,44602,210,68,0.5,0.2
72578,The Hills,2613,2414,2387,-199,-226,-7.6,-8.6
72740,Thompsons,156,158,158,2,2,1.3,1.3
72776,Thorndale,1263,1307,1314,44,51,3.5,4.0
72788,Thornton,421,429,431,8,10,1.9,2.4
72800,Thorntonville,561,557,561,-4,0,-0.7,0.0
72824,Thrall,816,872,888,56,72,6.9,8.8
72872,Three Rivers,1474,1499,1504,25,30,1.7,2.0
72896,Throckmorton,727,756,744,29,17,4.0,2.3
72989,Tiki Island,1106,1109,1113,3,7,0.3,0.6
73030,Timbercreek Canyon,430,457,462,27,32,6.3,7.4
73076,Timpson,989,989,989,0,0,0.0,0.0
73112,Tioga,1142,1294,1345,152,203,13.3,17.8
73124,Tira,319,337,340,18,21,5.6,6.6
73196,Toco,91,91,91,0,0,0.0,0.0
73224,Todd Mission,121,160,177,39,56,32.2,46.3
73268,Tolar,941,1171,1215,230,274,24.4,29.1
73328,Tom Bean,930,929,910,-1,-20,-0.1,-2.2
73316,Tomball,12341,15251,15704,2910,3363,23.6,27.3
73352,Tool,2175,2321,2358,146,183,6.7,8.4
73493,Town of Pecos,12916,12942,13204,26,288,0.2,2.2
73496,Toyah,61,61,64,0,3,0.0,4.9
73580,Trent,295,295,295,0,0,0.0,0.0
73592,Trenton,743,804,812,61,69,8.2,9.3
73652,Trinidad,860,858,855,-2,-5,-0.2,-0.6
73664,Trinity,2343,2496,2495,153,152,6.5,6.5
73710,Trophy Club,13688,13784,13784,96,96,0.7,0.7
73724,Troup,2006,2109,2125,103,119,5.1,5.9
73748,Troy,2375,3417,3624,1042,1249,43.9,52.6
73868,Tulia,4473,4457,4458,-16,-15,-0.4,-0.3
73964,Turkey,317,321,323,4,6,1.3,1.9
74048,Tuscola,850,918,922,68,72,8.0,8.5
74132,Tye,1176,1209,1218,33,42,2.8,3.6
74144,Tyler,105995,110203,110734,4208,4739,4.0,4.5
74216,Uhland,1588,2658,2712,1070,1124,67.4,70.8
74240,Uncertain,85,84,84,-1,-1,-1.2,-1.2
74312,Union Grove,441,461,461,20,20,4.5,4.5
74372,Union Valley,370,498,517,128,147,34.6,39.7
74408,Universal City,19720,20171,20285,451,565,2.3,2.9
74492,University Park,25278,25038,25055,-240,-223,-0.9,-0.9
74588,Uvalde,15217,15524,15534,307,317,2.0,2.1
74648,Valentine,73,67,65,-6,-8,-8.2,-11.0
74732,Valley Mills,1229,1249,1254,20,25,1.6,2.0
74756,Valley View,737,843,874,106,137,14.4,18.6
74912,Van,2664,2720,2727,56,63,2.1,2.4
74924,Van Alstyne,4369,6795,7138,2426,2769,55.5,63.4
75032,Van Horn,1941,1970,1997,29,56,1.5,2.9
75188,Vega,879,898,915,19,36,2.2,4.1
75236,Venus,4361,6125,6288,1764,1927,40.4,44.2
75308,Vernon,10078,9827,9822,-251,-256,-2.5,-2.5
75428,Victoria,65534,66401,67234,867,1700,1.3,2.6
75476,Vidor,9789,9792,9808,3,19,0.0,0.2
75668,Vinton,2684,2749,2751,65,67,2.4,2.5
75752,Volente,561,544,549,-17,-12,-3.0,-2.1
75764,Von Ormy,1174,1215,1220,41,46,3.5,3.9
76000,Waco,138486,143989,145192,5503,6706,4.0,4.8
76024,Waelder,933,951,952,18,19,1.9,2.0
76096,Wake Village,5945,5789,5763,-156,-182,-2.6,-3.1
76228,Waller,2682,3264,3325,582,643,21.7,24.0
76240,Wallis,1292,1330,1332,38,40,2.9,3.1
76348,Walnut Springs,795,860,873,65,78,8.2,9.8
76576,Warren City,319,321,321,2,2,0.6,0.6
76636,Waskom,1910,1938,1942,28,32,1.5,1.7
76672,Watauga,23650,23293,23348,-357,-302,-1.5,-1.3
76816,Waxahachie,41140,46713,47426,5573,6286,13.5,15.3
76864,Weatherford,30854,34571,34888,3717,4034,12.0,13.1
76924,Webberville,394,404,404,10,10,2.5,2.5
76948,Webster,12499,12360,12356,-139,-143,-1.1,-1.1
77020,Weimar,2076,2179,2223,103,147,5.0,7.1
77044,Weinert,172,170,169,-2,-3,-1.2,-1.7
77056,Weir,699,706,703,7,4,1.0,0.6
77152,Wellington,1896,1834,1839,-62,-57,-3.3,-3.0
77164,Wellman,230,230,233,0,3,0.0,1.3
77176,Wells,853,883,884,30,31,3.5,3.6
77272,Weslaco,40160,43400,43949,3240,3789,8.1,9.4
77332,West,2531,2523,2494,-8,-37,-0.3,-1.5
77416,West Columbia,3644,3565,3544,-79,-100,-2.2,-2.7
77632,West Lake Hills,3444,3215,3178,-229,-266,-6.6,-7.7
77752,West Orange,3459,3434,3427,-25,-32,-0.7,-0.9
77896,West Tawakoni,1895,2054,2085,159,190,8.4,10.0
77956,West University Place,14955,14867,14851,-88,-104,-0.6,-0.7
77380,Westbrook,201,205,207,4,6,2.0,3.0
77620,Westlake,1623,1906,1961,283,338,17.4,20.8
77740,Weston,283,1007,1194,724,911,255.8,321.9
77746,Weston Lakes,3853,4069,4139,216,286,5.6,7.4
77788,Westover Hills,641,634,633,-7,-8,-1.1,-1.2
78076,Westworth Village,2585,2739,2771,154,186,6.0,7.2
78136,Wharton,8627,8856,8870,229,243,2.7,2.8
78208,Wheeler,1487,1454,1449,-33,-38,-2.2,-2.6
78316,White Deer,918,966,990,48,72,5.2,7.8
78436,White Oak,6225,6291,6277,66,52,1.1,0.8
78544,White Settlement,18269,18252,18288,-17,19,-0.1,0.1
78328,Whiteface,375,366,367,-9,-8,-2.4,-2.1
78388,Whitehouse,8257,9507,9683,1250,1426,15.1,17.3
78532,Whitesboro,4074,4226,4253,152,179,3.7,4.4
78628,Whitewright,1725,1766,1765,41,40,2.4,2.3
78664,Whitney,1992,2040,2051,48,59,2.4,3.0
79000,Wichita Falls,102316,102707,102774,391,458,0.4,0.4
79036,Wickett,422,443,452,21,30,5.0,7.1
79408,Willis,6431,6890,6916,459,485,7.1,7.5
79492,Willow Park,4936,5569,5656,633,720,12.8,14.6
79564,Wills Point,3747,3810,3810,63,63,1.7,1.7
79576,Wilmer,4974,5585,5619,611,645,12.3,13.0
79612,Wilson,434,436,437,2,3,0.5,0.7
79624,Wimberley,2839,2856,2844,17,5,0.6,0.2
79672,Windcrest,5865,5872,5886,7,21,0.1,0.4
79684,Windom,189,189,189,0,0,0.0,0.0
79696,Windthorst,342,352,354,10,12,2.9,3.5
79720,Winfield,422,427,429,5,7,1.2,1.7
79768,Wink,915,889,882,-26,-33,-2.8,-3.6
79816,Winnsboro,3455,3519,3500,64,45,1.9,1.3
79828,Winona,623,673,680,50,57,8.0,9.1
79876,Winters,2345,2323,2313,-22,-32,-0.9,-1.4
79919,Wixon Valley,228,229,230,1,2,0.4,0.9
79948,Wolfe City,1399,1431,1446,32,47,2.3,3.4
79972,Wolfforth,5521,7871,8345,2350,2824,42.6,51.2
80044,Woodbranch,1330,1532,1560,202,230,15.2,17.3
80058,Woodcreek,1770,1862,1859,92,89,5.2,5.0
80144,Woodloch,186,179,176,-7,-10,-3.8,-5.4
80176,Woodsboro,1319,1364,1363,45,44,3.4,3.3
80188,Woodson,219,226,222,7,3,3.2,1.4
80212,Woodville,2403,2407,2407,4,4,0.2,0.2
80224,Woodway,9383,9741,9801,358,418,3.8,4.5
80296,Wortham,980,1032,1046,52,66,5.3,6.7
80356,Wylie,57526,60477,60471,2951,2945,5.1,5.1
80440,Yantis,405,412,411,7,6,1.7,1.5
80560,Yoakum,5908,5903,5907,-5,-1,-0.1,-0.0
80584,Yorktown,1810,1816,1842,6,32,0.3,1.8
80728,Zavalla,603,615,616,12,13,2.0,2.2
99999,State of Texas,29145505,30516218,30749924,1370713,1604419,4.7,5.5
